54165        JAG2     32137_at    1.0000    0.0086    0.2409       0.2383
54180       MYO7A     33197_at    0.0086    1.0000   -0.0326      -0.0284
54386      CELSR1     41660_at    0.2409   -0.0326    1.0000       0.1588
12664        MYO6  203215_s_at    0.2383   -0.0284    0.1588       1.0000
12665        MYO6  203216_s_at    0.1824   -0.0142    0.2909       0.6651
13827       FGFR3  204379_s_at    0.2629    0.0384    0.1328       0.1525
13828       FGFR3  204380_s_at    0.0918    0.0354    0.0343       0.0383
13987      CELSR1  204539_s_at   -0.0405   -0.0458    0.0239       0.0118
14133      ATP2B2  204685_s_at    0.0484   -0.0386   -0.1179       0.1098
14585       USH1C  205137_x_at   -0.0286    0.0183   -0.0407       0.0968
15976     SLC26A4  206529_x_at   -0.0005   -0.0115    0.0207       0.0123
17616       MYO7A  208189_s_at    0.0036    0.9060   -0.0686      -0.0497
17868        FGF8  208449_s_at   -0.0694   -0.0720   -0.0038      -0.0315
17933       KCNE1    208514_at   -0.0138   -0.0197    0.1824      -0.0758
17973      POU4F3    208554_at   -0.0424   -0.0533    0.0340       0.0134
18512        JAG1  209097_s_at   -0.0083   -0.0364   -0.0032       0.0353
18513        JAG1  209098_s_at    0.1300   -0.0157    0.1667       0.0905
18514        JAG1  209099_x_at    0.1790   -0.0066    0.2286       0.0874
19193        JAG2  209784_s_at    0.9415   -0.0159    0.2258       0.2409
19877        MYO6  210480_s_at    0.1495   -0.0248    0.1759       0.6096
20468       MYO7A    211103_at   -0.0218    0.1576   -0.0555       0.0336
20469       MYO7A  211104_s_at   -0.0758    0.1788   -0.0478      -0.0153
20546       USH1C  211184_s_at   -0.0315   -0.0002   -0.0252       0.0864
20912      ATP2B2  211586_s_at   -0.0167   -0.0080   -0.0911       0.0188
25145        EVI1    215851_at    0.0803    0.0094    0.0624       0.0270
25413      ATP2B2  216120_s_at   -0.0050   -0.0287   -0.0929       0.0535
25561        JAG1  216268_s_at    0.1951   -0.0104    0.2290       0.0824
26548      CELSR1  217262_s_at    0.1160   -0.0455    0.2339      -0.0046
29573      MYO15A    220288_at    0.0729    0.1418   -0.0571       0.0294
29964        CDH7  220679_s_at    0.0103   -0.0221   -0.1079       0.0708
30457       USH1C    221173_at    0.0157    0.0267   -0.0379       0.0509
30580       TECTA    221296_at   -0.0035    0.0139    0.0777       0.1174
31165        EVI1    221884_at    0.1029   -0.0403    0.2166       0.0845
31231        EMX2    221950_at   -0.0087   -0.0231    0.0923       0.0473
32826        ESPN  223549_s_at    0.0371    0.0784    0.0606      -0.0005
33789       CDH23    224527_at   -0.0995    0.0042   -0.0686      -0.0411
35677        EVI1    226420_at    0.1120   -0.0563    0.2013       0.0926
40438        JAG1  231183_s_at    0.0366   -0.0308    0.1821       0.1485
42099       CDH23    232845_at   -0.0319    0.0688   -0.1365      -0.0240
42100       CDH23  232846_s_at   -0.0693    0.0164   -0.0879      -0.0974
43230        ESPN  233979_s_at   -0.0327    0.1242    0.0114      -0.0023
43964      ATP2B2  234714_x_at   -0.0731   -0.0366   -0.1047      -0.0499
43991      ATP2B2    234741_at   -0.0533   -0.0422   -0.0497      -0.0117
45657       KCNE1    236407_at    0.0107   -0.0270    0.4426       0.0103
46154       TECTA  236904_x_at    0.0000   -0.0014    0.1027       0.1745
52527        EVI1  243277_x_at   -0.0153   -0.0588    0.1831       0.0559
130         CDH23 1552436_a_at   -0.0589    0.0066   -0.1090      -0.0699
723         USH1G   1553263_at    0.1111    0.1214   -0.0898      -0.0828
781        PCDH15   1553344_at   -0.0304   -0.0012    0.0088       0.0418
1762         CDH7   1554700_at   -0.0313   -0.0717   -0.0167      -0.0086
5294       PCDH15   1560330_at   -0.0148   -0.0145    0.0365       0.1193
7679         TMC1 1564591_a_at   -0.0011    0.0427   -0.0202      -0.0518
