#bin	matches	misMatches	repMatches	nCount	qNumInsert	qBaseInsert	tNumInsert	tBaseInsert	strand	qName	qSize	qStart	qEnd	tName	tSize	tStart	tEnd	blockCount	blockSizes	qStarts	tStarts
171	6115	28	0	3	3	4	75	224751	-	204320_at	6158	0	6150	chr1	247249719	103115586	103346483	78	66,13,21,8,13,283,71,238,234,69,113,250,54,36,54,108,54,54,108,54,54,54,54,108,54,54,51,3,3,50,108,54,54,108,108,54,90,108,54,30,12,11,54,45,54,45,54,54,108,54,45,54,45,54,45,54,45,54,45,54,54,54,54,54,57,84,75,63,42,63,255,93,117,129,163,214,168,267,	8,74,87,108,116,129,414,485,723,957,1026,1139,1389,1443,1479,1533,1641,1695,1749,1857,1911,1965,2019,2073,2181,2235,2289,2341,2344,2347,2397,2505,2559,2613,2721,2829,2883,2973,3081,3135,3166,3178,3189,3243,3288,3342,3387,3441,3495,3603,3657,3702,3756,3801,3855,3900,3954,3999,4053,4098,4152,4206,4260,4314,4368,4425,4509,4584,4647,4689,4752,5007,5100,5217,5346,5509,5723,5891,	103115586,103115654,103115668,103115690,103115699,103115713,103115999,103116071,103117826,103119840,103121342,103124950,103126720,103126866,103127009,103127598,103128594,103136268,103136809,103137084,103150302,103151780,103152495,103152847,103153774,103158454,103159661,103159712,103161479,103161483,103172592,103173203,103177178,103178470,103184992,103200009,103200319,103200796,103203630,103208362,103208392,103208405,103212973,103216851,103217003,103217203,103217525,103222281,103225776,103227661,103234007,103234132,103235223,103236453,103240068,103240571,103240890,103241358,103242587,103242751,103243981,103244211,103244405,103246606,103250556,103252654,103253811,103255963,103256961,103259850,103260885,103263664,103264359,103269259,103312761,103316801,103320948,103346216,
171	5416	5	0	409	21	390	73	225118	-	37892_at	6220	0	6220	chr1	247249719	103115535	103346483	81	37,444,186,72,234,20,117,23,173,28,15,54,21,13,74,54,54,108,40,14,54,54,54,108,54,45,38,3,3,50,99,9,8,47,54,100,99,54,91,57,54,54,40,46,54,45,54,54,108,54,45,54,45,54,45,54,21,20,22,45,54,54,54,54,54,57,84,75,63,42,63,217,22,93,117,129,163,214,91,41,259,	0,46,491,704,776,1010,1075,1192,1269,1442,1517,1532,1586,1608,1622,1696,1750,1804,1912,1954,1968,2022,2076,2130,2238,2292,2359,2398,2401,2404,2454,2554,2563,2572,2619,2673,2790,2889,2943,3084,3141,3195,3249,3302,3348,3402,3447,3501,3555,3663,3717,3762,3816,3861,3915,3960,4014,4038,4093,4115,4160,4214,4268,4322,4376,4430,4487,4571,4646,4709,4751,4814,5047,5069,5162,5279,5408,5571,5785,5895,5961,	103115535,103115581,103116025,103116237,103117826,103119840,103121338,103124950,103125027,103126720,103126887,103127009,103127598,103127619,103127632,103128594,103136268,103136809,103137084,103137124,103150302,103151780,103152495,103152847,103153774,103158454,103159674,103159712,103161479,103161483,103172592,103172691,103173202,103173210,103177178,103178470,103185001,103200009,103200319,103200847,103203630,103208362,103212973,103216850,103217003,103217203,103217525,103222281,103225776,103227661,103234007,103234132,103235223,103236453,103240068,103240571,103240890,103240912,103241390,103242587,103242751,103243981,103244211,103244405,103246606,103250556,103252654,103253811,103255963,103256961,103259850,103260885,103261118,103263664,103264359,103269259,103312761,103316801,103320948,103321058,103346224,
593	705	0	0	0	0	0	4	2023	-	224553_s_at	705	0	705	chr1	247249719	1129086	1131814	5	125,182,88,123,187,	0,125,307,395,518,	1129086,1129297,1129641,1130612,1131627,
690	835	14	0	0	4	4	9	31393	+	204879_at	865	0	853	chr1	247249719	13782934	13815176	14	112,135,134,130,39,112,30,11,27,19,29,23,23,25,	0,112,247,381,511,550,662,693,705,733,753,782,805,828,	13782934,13783047,13806254,13809468,13812768,13813381,13814986,13815016,13815027,13815054,13815073,13815103,13815127,13815151,
690	1305	0	199	13	3	4	0	0	+	226658_at	1555	0	1521	chr1	247249719	13815522	13817039	4	1215,86,204,12,	0,1216,1304,1509,	13815522,13816737,13816823,13817027,
821	2355	2	56	0	1	1	7	8479	-	206905_s_at	2414	0	2414	chr1	247249719	30958582	30969474	9	99,384,81,153,417,126,223,347,583,	0,100,484,565,718,1135,1261,1484,1831,	30958582,30958681,30959680,30960590,30961342,30962223,30964168,30966838,30968891,
893	6156	6	66	0	0	0	7	73303	+	204243_at	6229	1	6229	chr1	247249719	40399647	40479178	8	248,155,82,133,203,137,142,5128,	1,249,404,486,619,822,959,1101,	40399647,40427313,40429030,40433890,40440670,40460832,40469775,40474050,
894	1015	2	469	12	0	0	0	0	-	232542_at	1499	1	1499	chr1	247249719	40536790	40538288	1	1498,	0,	40536790,
1271	942	0	0	5	2	2	0	0	+	228314_at	965	0	949	chr1	247249719	89956732	89957679	3	418,55,474,	0,419,475,	89956732,89957150,89957205,
1371	969	1	0	16	0	0	0	0	-	229271_x_at	1006	0	986	chr1	247249719	103114616	103115602	1	986,	20,	103114616,
1467	1046	1	0	0	0	0	2	51272	-	206814_at	1047	0	1047	chr1	247249719	115630061	115682380	3	890,124,33,	0,890,1014,	115630061,115637770,115682347,
1494	717	5	0	5	1	1	0	0	-	230438_at	758	0	728	chr1	247249719	119227192	119227919	2	464,263,	30,495,	119227192,119227656,
1500	2317	3	0	21	8	14	2	5	-	227080_at	2388	0	2355	chr1	247249719	119963567	119965913	9	694,258,949,21,63,18,281,49,8,	33,728,989,1939,1965,2029,2048,2330,2380,	119963567,119964261,119964521,119965470,119965494,119965557,119965575,119965856,119965905,
1685	5167	3	0	0	0	0	29	13709	+	206766_at	5189	0	5170	chr1	247249719	144236346	144255225	30	128,112,110,92,115,128,149,151,166,74,145,149,144,204,131,167,143,114,86,142,93,77,90,85,114,81,114,96,114,1656,	0,128,240,350,442,557,685,834,985,1151,1225,1370,1519,1663,1867,1998,2165,2308,2422,2508,2650,2743,2820,2910,2995,3109,3190,3304,3400,3514,	144236346,144238969,144239284,144239610,144239926,144241623,144242234,144243471,144243813,144244113,144244411,144244768,144245154,144245439,144246245,144247091,144247354,144248209,144248532,144248779,144249093,144249345,144249574,144250080,144250336,144250721,144251039,144252797,144253158,144253569,
1755	3123	4	0	0	0	0	22	9165	-	209561_at	3127	0	3127	chr1	247249719	153432020	153444312	23	294,140,173,197,49,179,194,53,119,160,108,111,153,78,141,149,52,83,27,103,257,207,100,	0,294,434,607,804,853,1032,1226,1279,1398,1558,1666,1777,1930,2008,2149,2298,2350,2433,2460,2563,2820,3027,	153432020,153432401,153433455,153433877,153434294,153434456,153434823,153436218,153436409,153436865,153437311,153437508,153437831,153438371,153438675,153439226,153439500,153439637,153439927,153441269,153441474,153442614,153444212,
1872	2172	2	0	63	12	20	4	19134	+	226337_at	2345	0	2257	chr1	247249719	168767893	168789264	16	156,240,104,4,14,4,27,20,11,29,143,873,2,9,7,594,	0,156,397,502,507,521,526,554,575,587,625,768,1642,1645,1655,1663,	168767893,168774974,168775214,168775318,168775322,168778255,168778259,168778286,168778306,168778317,168780467,168787779,168788652,168788654,168788663,168788670,
2069	1649	3	133	10	1	1	0	0	-	234103_at	1796	0	1796	chr1	247249719	194553761	194555556	2	1678,117,	0,1679,	194553761,194555439,
2206	242	2	305	4	0	0	1	1	-	244533_at	557	0	553	chr1	247249719	212595915	212596469	2	8,545,	4,12,	212595915,212595924,
738	2506	3	74	0	0	0	7	18060	-	206091_at	2599	0	2583	chr2	242951149	20055293	20075936	8	1115,111,126,126,126,126,567,286,	16,1131,1242,1368,1494,1620,1746,2313,	20055293,20057540,20060375,20063682,20065196,20066402,20068985,20075650,
940	142	2	857	1	0	0	1	1	+	239258_at	1002	0	1002	chr2	242951149	46658222	46659225	2	12,990,	0,12,	46658222,46658235,
1077	770	1	0	0	0	0	4	3364	+	219998_at	801	6	777	chr2	242951149	64535165	64539300	5	54,72,89,178,378,	6,60,132,221,399,	64535165,64535981,64536226,64536925,64538922,
1151	1393	1	631	31	3	3	1	1	+	234976_x_at	2388	6	2065	chr2	242951149	74296672	74298729	5	124,82,557,1174,119,	6,130,213,771,1946,	74296672,74296797,74296879,74297436,74298610,
1423	404	0	374	3	1	1	1	743	-	236289_at	820	32	814	chr2	242951149	109873664	109875188	3	758,5,18,	6,764,770,	109873664,109875165,109875170,
1430	404	0	374	3	1	1	1	743	+	236289_at	820	32	814	chr2	242951149	110803768	110805292	3	18,5,758,	32,51,56,	110803768,110803786,110804534,
1432	404	0	374	3	1	1	1	742	+	236289_at	820	32	814	chr2	242951149	111085218	111086741	3	18,5,758,	32,51,56,	111085218,111085236,111085983,
2158	1541	1	449	28	3	3	0	0	+	232701_at	2022	0	2022	chr2	242951149	206276133	206278152	4	1231,5,7,776,	0,1232,1238,1246,	206276133,206277364,206277369,206277376,
2159	743	0	104	0	0	0	0	0	+	229225_at	852	5	852	chr2	242951149	206368620	206369467	1	847,	5,	206368620,
2232	822	0	160	44	1	1	2	2	-	235629_at	1027	0	1027	chr2	242951149	215938948	215939976	4	617,386,15,8,	0,618,1004,1019,	215938948,215939565,215939952,215939968,
2298	45	0	403	2	0	0	0	0	-	236599_at	450	0	450	chr2	242951149	224558272	224558722	1	450,	0,	224558272,
82	2827	2	539	36	9	9	12	75396	+	231779_at	3430	0	3413	chr3	199501827	10181629	10260429	22	103,183,147,104,195,65,115,110,196,63,201,224,68,98,526,84,42,118,13,93,58,598,	0,103,286,433,537,732,797,912,1022,1218,1281,1482,1707,1775,1874,2401,2486,2529,2648,2662,2756,2815,	10181629,10194521,10217052,10226272,10229890,10230167,10233617,10236363,10239319,10243054,10251142,10255431,10255655,10258799,10258897,10259423,10259507,10259549,10259667,10259680,10259773,10259831,
238	3034	0	171	23	4	4	11	60558	+	222692_s_at	3320	0	3232	chr3	199501827	173535481	173599267	16	85,72,119,96,10,173,114,150,281,213,167,128,942,13,35,630,	0,85,157,276,373,383,556,670,820,1101,1314,1481,1609,2552,2566,2602,	173535481,173537813,173541596,173543494,173543590,173544569,173546810,173547695,173553286,173563116,173578753,173581449,173597647,173598589,173598602,173598637,
238	3034	0	171	23	4	4	11	60558	+	222693_at	3320	0	3232	chr3	199501827	173535481	173599267	16	85,72,119,96,10,173,114,150,281,213,167,128,942,13,35,630,	0,85,157,276,373,383,556,670,820,1101,1314,1481,1609,2552,2566,2602,	173535481,173537813,173541596,173543494,173543590,173544569,173546810,173547695,173553286,173563116,173578753,173581449,173597647,173598589,173598602,173598637,
705	1750	6	103	84	8	16	13	14693	-	229307_at	1961	0	1959	chr3	199501827	15797947	15814583	21	129,90,84,248,469,3,11,8,9,12,5,2,4,9,27,117,17,5,29,46,619,	2,132,222,306,556,1025,1028,1039,1047,1056,1068,1073,1075,1079,1096,1123,1241,1259,1265,1295,1342,	15797947,15798076,15811733,15812906,15813154,15813624,15813628,15813640,15813649,15813659,15813672,15813678,15813681,15813686,15813722,15813750,15813867,15813884,15813889,15813918,15813964,
708	730	0	0	8	0	0	1	4595	+	236361_at	740	2	740	chr3	199501827	16239121	16244454	2	148,590,	2,150,	16239121,16243864,
1907	1493	0	137	11	6	11	2	2	+	232472_at	1652	0	1652	chr3	199501827	173372498	173374141	8	811,536,9,3,9,227,21,25,	0,815,1354,1364,1368,1378,1606,1627,	173372498,173373309,173373846,173373855,173373858,173373867,173374094,173374116,
1909	530	0	195	4	1	1	0	0	+	244022_at	730	0	730	chr3	199501827	173568026	173568755	2	178,551,	0,179,	173568026,173568204,
623	996	2	0	0	0	0	3	3884	-	219837_s_at	999	1	999	chr4	191273063	5067218	5072100	4	644,129,45,180,	0,644,773,818,	5067218,5069463,5069762,5071920,
1263	477	0	0	7	2	2	0	0	+	236028_at	490	0	486	chr4	191273063	88952141	88952625	3	30,9,445,	0,31,41,	88952141,88952171,88952180,
1718	939	0	0	5	0	0	1	1	+	243555_at	944	0	944	chr4	191273063	148628059	148629004	2	7,937,	0,7,	148628059,148628067,
1750	1382	0	0	7	27	36	2	5	+	228441_s_at	1443	13	1438	chr4	191273063	152809711	152811105	28	147,40,34,6,5,5,8,4,4,7,9,3,4,7,22,3,51,21,13,13,6,6,14,7,23,142,185,600,	13,161,202,239,246,252,258,267,278,283,291,301,305,310,318,341,346,398,420,434,448,455,462,477,485,509,652,838,	152809711,152809858,152809898,152809933,152809939,152809944,152809949,152809957,152809965,152809969,152809976,152809985,152809988,152809992,152809999,152810021,152810024,152810075,152810096,152810109,152810122,152810128,152810134,152810148,152810155,152810178,152810320,152810505,
105	1696	0	0	0	0	0	5	21802	-	220988_s_at	1710	14	1710	chr5	180857866	34055558	34079056	6	1046,100,130,155,112,153,	0,1046,1146,1276,1431,1543,	34055558,34059770,34064615,34069165,34071508,34078903,
152	1710	0	0	0	0	0	10	439512	-	207379_at	1719	0	1710	chr5	180857866	83274836	83716058	11	307,156,185,145,156,182,114,129,30,129,177,	9,316,472,657,802,958,1140,1254,1383,1413,1542,	83274836,83294779,83391874,83396274,83398025,83438222,83468814,83511966,83561428,83585657,83715881,
1092	329	6	129	8	0	0	1	1	+	222348_at	579	0	472	chr5	180857866	66474405	66474878	2	332,140,	0,332,	66474405,66474738,
1092	2334	0	82	24	8	8	1	54621	+	225611_at	2472	0	2448	chr5	180857866	66498775	66555836	10	250,38,183,42,14,27,561,25,1262,38,	0,251,290,474,517,532,560,1122,1148,2410,	66498775,66499025,66499063,66499246,66499288,66499302,66499329,66499890,66499915,66555798,
1092	2334	0	82	24	8	8	1	54621	+	225613_at	2472	0	2448	chr5	180857866	66498775	66555836	10	250,38,183,42,14,27,561,25,1262,38,	0,251,290,474,517,532,560,1122,1148,2410,	66498775,66499025,66499063,66499246,66499288,66499302,66499329,66499890,66499915,66555798,
1218	1725	4	30	0	0	0	5	78203	-	205523_at	1759	0	1759	chr5	180857866	82972492	83052454	6	440,427,303,372,126,91,	0,440,867,1170,1542,1668,	82972492,82972933,82975937,82984027,83004998,83052363,
1218	1445	5	42	0	0	0	4	78202	-	205524_s_at	1492	0	1492	chr5	180857866	82972958	83052652	5	402,303,372,126,289,	0,402,705,1077,1203,	82972958,82975937,82984027,83004998,83052363,
1218	896	0	0	11	3	3	0	0	-	230204_at	936	1	911	chr5	180857866	82971507	82972414	4	668,6,19,214,	25,694,701,721,	82971507,82972175,82972181,82972200,
1218	502	4	0	13	2	6	1	6	-	230895_at	525	0	525	chr5	180857866	82969704	82970229	3	18,41,460,	0,19,65,	82969704,82969722,82969769,
1220	435	4	730	4	1	1	0	0	-	233668_at	1194	11	1185	chr5	180857866	83356377	83357550	2	935,238,	9,945,	83356377,83357312,
1589	153	0	0	3	0	0	0	0	+	214175_x_at	241	43	199	chr5	180857866	131635768	131635924	1	156,	43,	131635768,
1952	332	0	60	1	1	1	0	0	+	244804_at	394	0	394	chr5	180857866	179181240	179181633	2	312,81,	0,313,	179181240,179181552,
80	2786	3	82	0	1	1	7	151847	+	206176_at	2943	0	2872	chr6	170899992	7672008	7826726	9	843,193,149,198,77,111,1109,64,127,	0,843,1036,1185,1383,1460,1571,2680,2745,	7672008,7790371,7806682,7807532,7824305,7825222,7825425,7826535,7826599,
106	837	0	44	9	0	0	1	163309	+	228407_at	896	0	890	chr6	170899992	35327969	35492168	2	858,32,	0,858,	35327969,35492136,
140	3729	2	0	58	4	4	37	83262	-	222008_at	3794	0	3793	chr6	170899992	70982456	71069507	42	622,427,78,189,55,147,33,45,36,72,54,54,54,45,54,54,54,54,54,107,56,57,33,54,54,24,36,54,63,36,36,5,33,21,84,37,39,321,133,78,74,173,	1,624,1051,1129,1318,1373,1520,1553,1598,1634,1706,1760,1814,1868,1913,1967,2021,2075,2129,2183,2290,2346,2403,2436,2490,2544,2568,2604,2658,2721,2757,2793,2799,2832,2853,2937,2975,3015,3336,3469,3547,3621,	70982456,70983078,70992355,70999006,71000962,71001217,71005677,71007112,71007842,71008387,71009085,71018543,71018685,71019808,71020899,71021386,71021573,71021760,71023191,71027080,71033138,71035227,71036056,71036737,71038078,71038488,71040470,71041142,71047235,71047427,71047813,71047850,71047855,71049321,71050160,71060590,71060627,71060666,71066466,71066732,71068424,71069334,
777	663	3	249	8	4	4	1	2046	-	229604_at	954	0	927	chr6	170899992	25213953	25216922	6	608,45,11,119,101,39,	27,636,682,694,813,915,	25213953,25214561,25214606,25214617,25216782,25216883,
838	6391	0	0	20	4	13	66	23362	-	213870_at	6447	0	6424	chr6	170899992	33238448	33268221	70	1125,207,113,268,54,36,54,108,54,54,108,54,54,54,54,25,83,54,54,54,54,108,54,54,108,51,57,54,90,108,54,54,54,45,54,45,54,54,108,54,45,54,45,54,45,54,45,54,45,54,54,54,16,38,54,57,87,75,63,42,60,180,63,78,88,94,163,211,150,308,	23,1148,1355,1468,1736,1790,1826,1880,1988,2042,2096,2204,2258,2312,2366,2420,2446,2529,2583,2637,2691,2745,2853,2907,2961,3069,3121,3178,3232,3322,3430,3484,3538,3592,3637,3691,3736,3790,3844,3952,4006,4051,4105,4150,4204,4249,4303,4348,4402,4447,4501,4555,4609,4626,4664,4718,4775,4862,4937,5000,5042,5102,5282,5345,5423,5521,5615,5778,5989,6139,	33238448,33240021,33240606,33241303,33241685,33241925,33242267,33242474,33242824,33243018,33243180,33243553,33244273,33244460,33244709,33245137,33245162,33245585,33245801,33246080,33246311,33246564,33246868,33247025,33247221,33247467,33247518,33247804,33248043,33248284,33248814,33249102,33249256,33249455,33249627,33249765,33249919,33250281,33251328,33251770,33252013,33252187,33252475,33252746,33252935,33253166,33253416,33253886,33254062,33254189,33254433,33254674,33254827,33254843,33254985,33255185,33255473,33256012,33256422,33256718,33256865,33259899,33260746,33261455,33262381,33262479,33264116,33264732,33265074,33267913,
838	5207	12	0	5	4	12	68	23623	-	216993_s_at	5236	0	5236	chr6	170899992	33239148	33267995	71	37,47,80,259,207,113,268,54,36,54,108,54,54,108,54,54,54,54,27,77,54,54,54,54,108,54,54,108,54,4,49,54,90,108,54,54,54,45,54,45,54,54,108,54,45,54,45,54,45,54,45,54,45,54,54,54,18,30,54,57,87,75,63,42,60,63,192,163,211,150,82,	0,38,85,165,424,631,744,1012,1066,1102,1156,1264,1318,1372,1480,1534,1588,1642,1696,1727,1804,1858,1912,1966,2020,2128,2182,2236,2344,2399,2403,2452,2506,2596,2704,2758,2812,2866,2911,2965,3010,3064,3118,3226,3280,3325,3379,3424,3478,3523,3577,3622,3676,3721,3775,3829,3883,3907,3937,3991,4048,4135,4210,4273,4315,4375,4438,4630,4793,5004,5154,	33239148,33239185,33239233,33239314,33240021,33240606,33241303,33241685,33241925,33242267,33242474,33242824,33243018,33243180,33243553,33244273,33244460,33244709,33245137,33245168,33245585,33245801,33246080,33246311,33246564,33246868,33247025,33247221,33247467,33247521,33247526,33247804,33248043,33248284,33248814,33249102,33249256,33249455,33249627,33249765,33249919,33250281,33251328,33251770,33252013,33252187,33252475,33252746,33252935,33253166,33253416,33253886,33254062,33254189,33254433,33254674,33254827,33254851,33254985,33255185,33255473,33256012,33256422,33256718,33256865,33260746,33262381,33264116,33264732,33265074,33267913,
854	846	0	0	30	2	3	2	4	+	230290_at	881	0	879	chr6	170899992	35324562	35325442	4	693,93,29,61,	0,694,787,818,	35324562,35325255,35325349,35325381,
1474	3502	1	53	9	3	7	2	3378	-	205941_s_at	3606	0	3572	chr6	170899992	116546813	116553756	5	440,370,298,1895,562,	34,475,848,1149,3044,	116546813,116547253,116547624,116547922,116553194,
1474	3128	1	56	0	2	4	2	3922	-	217428_s_at	3189	0	3189	chr6	170899992	116546882	116553989	5	731,309,1895,169,81,	0,732,1044,2939,3108,	116546882,116547613,116547922,116553194,116553908,
1678	365	0	106	1	0	0	0	0	-	236685_at	472	0	472	chr6	170899992	143299656	143300128	1	472,	0,	143299656,
1731	431	0	39	2	0	0	0	0	+	238542_at	492	0	472	chr6	170899992	150311592	150312064	1	472,	0,	150311592,
1805	1826	0	93	45	5	9	3	283	-	215078_at	1992	3	1976	chr6	170899992	160032016	160034263	7	542,12,57,121,561,574,97,	16,559,573,632,755,1318,1892,	160032016,160032558,160032570,160032628,160032749,160033311,160034166,
1806	479	0	203	2	1	2	0	0	+	244219_at	695	0	686	chr6	170899992	160091510	160092194	2	358,326,	0,360,	160091510,160091868,
1648	7401	2	339	121	23	37	10	18644	-	225142_at	7900	0	7900	chr7	158821424	139430946	139457453	32	1404,6,11,5,88,471,19,102,18,9,5,9,20,5,4,5,6,367,33,397,1457,761,1305,274,83,209,149,98,155,127,171,90,	0,1405,1419,1431,1437,1526,1998,2018,2121,2140,2150,2156,2166,2187,2193,2198,2204,2211,2579,2613,3011,4469,5231,6536,6810,6893,7102,7251,7349,7504,7639,7810,	139430946,139432350,139432360,139432371,139432376,139432464,139432935,139432954,139433056,139433074,139433083,139433088,139433097,139433117,139433122,139433126,139433131,139433137,139433504,139433537,139433934,139435391,139436152,139438072,139440324,139442823,139443167,139443813,139445147,139446167,139448258,139457363,
184	2498	1	0	0	1	1	3	188059	-	234351_x_at	2596	96	2596	chr8	146274826	116495305	116685863	5	140,1043,123,604,589,	0,141,1184,1307,1911,	116495305,116495445,116499733,116668402,116685274,
760	714	1	190	12	0	0	0	0	-	227345_at	959	0	917	chr8	146274826	23049045	23049962	1	917,	42,	23049045,
764	694	10	33	16	2	3	2	12	+	242335_at	759	0	756	chr8	146274826	23485385	23486150	5	18,6,252,44,433,	0,20,26,278,323,	23485385,23485403,23485410,23485673,23485717,
995	414	0	11	0	0	0	0	0	-	237626_at	425	0	425	chr8	146274826	53782553	53782978	1	425,	0,	53782553,
1036	1573	1	12	17	9	9	0	0	+	232668_at	1636	0	1612	chr8	146274826	59176524	59178127	10	910,78,113,248,7,16,17,9,25,180,	0,911,990,1104,1353,1361,1378,1396,1406,1432,	59176524,59177434,59177512,59177625,59177873,59177880,59177896,59177913,59177922,59177947,
1521	2884	5	110	0	0	0	8	25092	-	206432_at	3003	1	3000	chr8	146274826	122694720	122722811	9	323,12,84,1317,102,627,306,69,159,	3,326,338,422,1739,1841,2468,2774,2843,	122694720,122695044,122695057,122695142,122698525,122710134,122722273,122722581,122722652,
1609	2552	3	242	0	0	0	5	35463	+	206796_at	2830	12	2809	chr8	146274826	134272493	134310753	6	145,280,261,194,1147,770,	12,157,437,698,892,2039,	134272493,134294288,134302005,134306814,134308835,134309983,
1609	228	3	282	1	0	0	0	0	+	235821_at	520	0	514	chr8	146274826	134311255	134311769	1	514,	0,	134311255,
1665	3584	2	104	48	6	7	4	60	-	213310_at	3745	0	3745	chr8	146274826	141601643	141605441	10	169,137,1225,154,412,139,97,7,585,813,	0,169,306,1533,1688,2101,2241,2339,2347,2932,	141601643,141601813,141602007,141603233,141603387,141603799,141603938,141604035,141604042,141604628,
1668	374	0	7	11	0	0	0	0	-	241453_at	396	0	392	chr8	146274826	141958442	141958834	1	392,	4,	141958442,
155	2162	0	47	0	0	0	18	88113	-	220475_at	2209	0	2209	chr9	140273252	86082911	86173233	19	168,121,99,82,198,169,131,126,81,81,78,114,145,190,92,86,96,105,47,	0,168,289,388,470,668,837,968,1094,1175,1256,1334,1448,1593,1783,1875,1961,2057,2162,	86082911,86083999,86084709,86085535,86090079,86090677,86092782,86094888,86097402,86098929,86101955,86102640,86104315,86106934,86109988,86114363,86118093,86145308,86173186,
614	663	2	22	10	1	1	1	1	-	230258_at	700	0	698	chr9	140273252	3815250	3815948	3	181,496,20,	2,184,680,	3815250,3815431,3815928,
732	288	0	136	2	0	0	0	0	-	238156_at	427	0	426	chr9	140273252	19367390	19367816	1	426,	1,	19367390,
1445	1779	6	532	52	1	1	0	0	-	232716_at	2370	0	2370	chr9	140273252	112830719	112833088	2	442,1927,	0,443,	112830719,112831161,
1470	2429	0	111	15	4	4	2	2551	+	225292_at	2586	0	2559	chr9	140273252	116109511	116114617	7	368,219,796,184,161,260,567,	0,368,587,1384,1569,1731,1992,	116109511,116111360,116112649,116113445,116113629,116113790,116114050,
1474	339	1	143	11	0	0	0	0	-	229242_at	501	0	494	chr9	140273252	116586735	116587229	1	494,	7,	116586735,
738	451	0	0	3	0	0	0	0	-	241460_at	454	0	454	chrX	154913754	20108154	20108608	1	454,	0,	20108154,
1345	1301	3	0	0	0	0	6	13745	+	220065_at	1309	0	1304	chrX	154913754	99726485	99741534	7	234,132,141,102,154,167,374,	0,234,366,507,609,763,930,	99726485,99726883,99735547,99735913,99739156,99740668,99741160,
1584	1372	0	0	0	0	0	10	49291	+	224407_s_at	1372	0	1372	chrX	154913754	130985316	131035979	11	52,231,57,109,158,186,149,94,63,137,136,	0,52,283,340,449,607,793,942,1036,1099,1236,	130985316,131016339,131025141,131029923,131030120,131031186,131032777,131033976,131034521,131034665,131035843,
17	6025	5	104	213	23	619	26	42850	+	32094_at	6977	0	6966	chr10	135374737	73394125	73443322	29	115,82,91,247,71,511,38,67,90,556,122,111,72,549,53,595,27,33,519,207,891,442,49,99,51,182,398,40,39,	0,139,242,333,580,671,1220,1298,1440,1545,2161,2283,2409,2536,3086,3139,3772,3823,3856,4376,4617,5548,6005,6071,6188,6254,6451,6868,6927,	73394125,73394264,73394367,73435499,73436935,73437026,73437575,73437653,73437795,73437900,73438516,73438639,73438765,73438892,73439441,73439495,73440128,73440179,73440213,73440732,73440973,73441904,73442361,73442427,73442544,73442610,73442807,73443224,73443283,
623	621	1	0	18	1	1	0	0	-	217626_at	649	3	644	chr10	135374737	5035397	5036037	2	518,122,	5,524,	5035397,5035915,
623	624	0	0	17	1	1	0	0	+	217626_at	649	0	642	chr10	135374737	4995623	4996264	2	125,516,	0,126,	4995623,4995748,
686	468	0	0	1	0	0	1	7410	-	236800_at	474	0	469	chr10	135374737	13303769	13311648	2	437,32,	5,442,	13303769,13311616,
794	2308	1	682	46	12	12	2	6374	-	232216_at	3054	0	3049	chr10	135374737	27474790	27484201	15	877,53,184,16,9,33,6,527,55,53,135,906,37,123,23,	5,883,937,1122,1139,1149,1183,1190,1718,1774,1827,1962,2869,2907,3031,	27474790,27475667,27475720,27475904,27475920,27475929,27475962,27475968,27476495,27476550,27477840,27483112,27484018,27484055,27484178,
1347	2359	1	0	14	4	4	7	7718	-	227145_at	2402	1	2379	chr10	135374737	99997431	100007523	12	576,11,563,45,112,112,137,116,244,163,168,127,	23,600,612,1176,1222,1334,1446,1583,1699,1943,2106,2274,	99997431,99998007,99998018,99998581,99998626,100000811,100001312,100002099,100003299,100005323,100006526,100007396,
189	2556	7	121	36	6	6	7	120346	-	228082_at	2726	0	2726	chr11	134452384	122448133	122571199	14	29,23,2,19,9,1312,164,142,91,32,168,202,158,369,	0,29,53,56,76,86,1399,1563,1705,1797,1829,1997,2199,2357,	122448133,122448163,122448186,122448188,122448207,122448216,122449528,122450619,122459002,122459093,122459597,122460429,122473712,122570830,
853	1191	3	0	42	5	8	2	1866	+	229221_at	1244	0	1244	chr11	134452384	35183185	35186287	7	59,5,181,171,760,55,5,	0,63,69,251,423,1183,1239,	35183185,35183249,35183254,35183435,35183606,35186227,35186282,
925	516	0	0	1	0	0	0	0	+	228910_at	567	0	517	chr11	134452384	44597972	44598489	1	517,	0,	44597972,
1082	1529	1	230	0	0	0	10	6799	-	209878_s_at	1767	7	1767	chr11	134452384	65178392	65186951	11	655,75,81,213,105,132,92,149,152,27,79,	0,655,730,811,1024,1129,1261,1353,1502,1654,1681,	65178392,65179734,65179901,65182333,65182764,65183712,65184170,65185733,65185983,65186225,65186872,
1084	1561	0	53	27	6	6	3	6638	-	204420_at	1653	0	1647	chr11	134452384	65416182	65424461	10	1161,95,5,8,26,35,39,10,88,174,	6,1167,1263,1269,1277,1304,1340,1380,1391,1479,	65416182,65418060,65418155,65418160,65420855,65420881,65420916,65420955,65420965,65424287,
1364	1819	2	0	0	0	0	9	5987	-	205828_at	1821	0	1821	chr11	134452384	102211742	102219550	10	425,104,160,134,145,165,126,149,245,168,	0,425,529,689,823,968,1133,1259,1408,1653,	102211742,102213238,102214491,102215050,102216048,102216369,102218094,102218371,102218612,102219382,
1365	1771	6	0	0	1	1	10	10427	-	204580_at	1778	0	1778	chr11	134452384	102238685	102250889	12	122,332,107,160,134,124,155,6,126,149,249,113,	0,122,454,561,721,855,979,1135,1141,1267,1416,1665,	102238685,102238809,102240086,102241716,102242255,102243210,102243848,102244003,102247533,102247743,102248804,102250776,
1365	2670	1	44	0	0	0	9	10024	-	205959_at	2722	0	2715	chr11	134452384	102318933	102331672	10	1372,104,160,134,118,162,126,149,242,148,	7,1379,1483,1643,1777,1895,2057,2183,2332,2574,	102318933,102321584,102323829,102324963,102326048,102327950,102330094,102330396,102331190,102331524,
1471	157	0	159	5	4	4	0	0	-	242920_at	325	0	325	chr11	134452384	116257476	116257797	5	166,100,31,9,15,	0,167,268,300,310,	116257476,116257642,116257742,116257773,116257782,
1511	881	1	0	8	5	5	0	0	+	239672_at	898	3	898	chr11	134452384	121473614	121474504	6	330,3,9,14,261,273,	3,334,338,348,363,625,	121473614,121473944,121473947,121473956,121473970,121474231,
94	2148	2	55	0	0	0	8	58433	+	219017_at	2220	0	2205	chr12	132349534	22669275	22729913	9	9,502,260,141,143,84,161,74,831,	0,9,511,771,912,1055,1139,1300,1374,	22669275,22669285,22687963,22703214,22705263,22715472,22717700,22728683,22729082,
95	1445	1	20	0	0	0	6	40493	-	207336_at	1473	0	1466	chr12	132349534	23578080	23620039	7	30,612,217,174,109,146,178,	7,37,649,866,1040,1149,1295,	23578080,23578111,23580653,23587411,23590516,23607458,23619861,
158	1529	8	0	0	1	5	6	39809	-	206439_at	1567	1	1543	chr12	132349534	89881592	89922938	8	325,317,96,203,159,175,178,84,	24,354,671,767,970,1129,1304,1482,	89881592,89881917,89887951,89889707,89890729,89895995,89920308,89922854,
171	2264	0	182	48	3	3	2	6	+	226368_at	2522	0	2497	chr12	132349534	103677422	103679922	6	249,504,305,841,81,514,	0,250,754,1060,1902,1983,	103677422,103677671,103678176,103678481,103679322,103679408,
171	2264	0	182	48	3	3	2	6	+	226372_at	2522	0	2497	chr12	132349534	103677422	103679922	6	249,504,305,841,81,514,	0,250,754,1060,1902,1983,	103677422,103677671,103678176,103678481,103679322,103679408,
1261	531	0	0	3	0	0	0	0	+	238893_at	535	0	534	chr12	132349534	88627955	88628489	1	534,	0,	88627955,
1570	2726	2	76	0	1	1	0	0	+	219764_at	2811	0	2805	chr12	132349534	129213423	129216227	2	1846,958,	0,1847,	129213423,129215269,
20	2619	1	15	0	2	2	9	1202605	+	223730_at	2644	7	2644	chr13	114142980	92648573	93853813	12	11,4,771,159,392,166,131,144,137,176,537,7,	7,19,23,794,953,1345,1511,1642,1786,1923,2099,2637,	92648573,92648584,92677099,92995516,93280407,93477983,93736603,93756234,93832668,93848720,93853269,93853806,
774	6227	2	127	0	0	0	13	28354	+	204435_at	6356	0	6356	chr13	114142980	24773768	24808478	14	250,143,36,150,138,111,25,66,175,80,119,83,1181,3799,	0,250,393,429,579,717,828,853,919,1094,1174,1293,1376,2557,	24773768,24779943,24781384,24785020,24785751,24787494,24791463,24792667,24793056,24797126,24799053,24799567,24803494,24804679,
788	455	1	68	7	3	3	0	0	-	236975_at	534	0	534	chr13	114142980	26637192	26637723	4	372,114,30,15,	0,373,488,519,	26637192,26637564,26637678,26637708,
873	534	1	0	4	0	0	0	0	+	242669_at	565	0	539	chr13	114142980	37828311	37828850	1	539,	0,	37828311,
983	1314	14	0	0	0	0	7	35105	-	206309_at	1328	0	1328	chr13	114142980	52175404	52211837	8	95,444,167,154,114,141,141,72,	0,95,539,706,860,974,1115,1256,	52175404,52175502,52180671,52184851,52196132,52205354,52211166,52211765,
983	2997	1	685	27	6	21	20	50523	-	222646_s_at	3742	11	3742	chr14	106368585	52178164	52232397	25	11,7,36,117,1123,625,134,87,70,247,93,27,12,47,121,74,77,39,84,120,365,69,50,62,13,	0,11,19,55,185,1309,1934,2068,2155,2225,2472,2565,2592,2604,2651,2772,2846,2923,2962,3046,3166,3535,3605,3655,3718,	52178164,52178176,52178183,52178220,52178350,52179473,52182621,52182842,52188706,52189536,52194384,52194591,52197760,52200268,52202842,52208097,52208262,52214901,52218792,52220255,52231835,52232202,52232271,52232322,52232384,
1315	1078	3	0	0	1	1	1	1	+	207510_at	1082	0	1082	chr14	106368585	95799766	95800848	3	722,12,347,	0,723,735,	95799766,95800488,95800501,
156	7401	20	0	0	1	4	20	63421	+	205679_x_at	7434	2	7427	chr15	100338915	87147993	87218835	21	51,77,384,175,128,294,378,175,128,76,211,240,674,657,2893,114,159,83,145,183,196,	2,53,130,514,689,817,1111,1489,1664,1792,1872,2083,2323,2997,3654,6547,6661,6820,6903,7048,7231,	87147993,87180434,87182897,87184246,87185974,87187589,87189739,87191477,87192145,87193672,87193755,87196028,87199086,87199817,87200759,87204560,87215616,87216237,87217115,87218076,87218639,
156	7109	15	0	0	1	4	18	63718	+	207692_s_at	7137	2	7130	chr15	100338915	87147993	87218835	19	51,77,384,175,128,294,378,175,128,76,211,240,674,657,2893,159,83,145,196,	2,53,130,514,689,817,1111,1489,1664,1792,1872,2083,2323,2997,3654,6547,6706,6789,6934,	87147993,87180434,87182897,87184246,87185974,87187589,87189739,87191477,87192145,87193672,87193755,87196028,87199086,87199817,87200759,87215616,87216237,87217115,87218639,
934	1838	2	0	6	0	0	2	4252	+	233801_s_at	1853	7	1853	chr15	100338915	45845601	45851699	3	70,62,1714,	7,77,139,	45845601,45846104,45849985,
1147	765	0	0	9	0	0	1	170	-	214297_at	819	0	774	chr15	100338915	73753719	73754663	2	683,91,	45,728,	73753719,73754572,
1250	1910	6	0	0	0	0	6	14418	+	217161_x_at	1923	0	1916	chr15	100338915	87202496	87218830	7	1156,159,83,145,183,93,97,	0,1156,1315,1398,1543,1726,1819,	87202496,87215616,87216237,87217115,87218076,87218639,87218733,
618	2572	2	180	29	5	5	2	8876	+	225867_at	2859	0	2788	chr16	88827254	4361868	4373527	8	127,134,152,473,480,485,85,847,	0,127,261,414,888,1369,1855,1941,	4361868,4370870,4371005,4371157,4371630,4372110,4372595,4372680,
715	3834	9	469	37	10	24	3	16	-	213725_x_at	4373	0	4373	chr16	88827254	17103257	17107622	13	35,18,34,31,6,4,280,442,191,236,9,2939,124,	0,35,53,88,120,127,132,426,870,1062,1299,1309,4249,	17103257,17103293,17103312,17103346,17103377,17103383,17103387,17103681,17104123,17104314,17104550,17104559,17107498,
761	3592	2	0	0	0	0	25	38102	-	210037_s_at	3595	1	3595	chr17	78774742	23108341	23150037	26	165,195,149,122,88,208,164,182,79,133,175,50,105,145,83,195,102,175,140,142,92,163,149,123,85,185,	0,165,360,509,631,719,927,1091,1273,1352,1485,1660,1710,1815,1960,2043,2238,2340,2515,2655,2797,2889,3052,3201,3324,3409,	23108341,23110033,23111182,23111775,23112296,23113950,23115133,23116687,23117662,23118857,23120129,23120687,23122065,23123460,23124313,23125409,23129842,23130034,23131919,23132188,23133167,23134096,23138830,23139961,23140756,23149852,
870	444	0	0	0	1	1	0	0	-	241383_at	460	0	445	chr17	78774742	37431119	37431563	2	283,161,	15,299,	37431119,37431402,
1066	556	0	0	0	0	0	0	0	+	239808_at	556	0	556	chr17	78774742	63114069	63114625	1	556,	0,	63114069,
120	2177	9	48	0	3	11	12	44830	+	205205_at	2314	48	2293	chr19	63811651	50186228	50233292	14	18,67,115,52,342,158,92,132,105,216,69,78,724,66,	48,66,135,250,306,648,806,898,1030,1135,1351,1420,1498,2227,	50186228,50196597,50196668,50198046,50207032,50217150,50220426,50220703,50223985,50227631,50229341,50229548,50232502,50233226,
935	536	1	0	0	0	0	3	1482	+	206560_s_at	538	1	538	chr19	63811651	45973217	45975236	4	197,134,111,95,	1,198,332,443,	45973217,45973496,45974713,45975141,
1029	303	1	143	1	0	0	0	0	-	239954_at	448	0	448	chr19	63811651	58280034	58280482	1	448,	0,	58280034,
76	1620	0	72	0	0	0	6	80632	-	204669_s_at	1692	0	1692	chr20	62435964	3861712	3944036	7	158,974,80,42,43,150,245,	0,158,1132,1212,1254,1297,1447,	3861712,3861874,3863640,3873823,3876883,3892521,3943791,
76	1055	2	69	0	0	0	6	80851	-	210706_s_at	1157	9	1135	chr20	62435964	3862215	3944192	7	633,80,42,43,150,69,109,	22,655,735,777,820,970,1039,	3862215,3863640,3873823,3876883,3892521,3902978,3944083,
636	3512	0	54	35	1	1	2	9016	+	205289_at	3626	0	3602	chr20	62435964	6696310	6708927	4	1212,353,1915,121,	0,1212,1565,3481,	6696310,6698766,6706891,6708806,
721	1022	1	62	0	0	0	0	0	-	223666_at	1106	0	1085	chr20	62435964	17896332	17897417	1	1085,	21,	17896332,
915	2075	0	0	0	0	0	8	10070	-	207123_s_at	2092	0	2075	chr20	62435964	43355500	43367645	9	379,108,153,414,123,123,123,570,82,	17,396,504,657,1071,1194,1317,1440,2010,	43355500,43355961,43359971,43360223,43362940,43363155,43363374,43366281,43367563,
946	620	0	123	36	1	1	0	0	+	229899_s_at	783	0	780	chr20	62435964	47338425	47339204	2	319,460,	0,320,	47338425,47338744,
782	1100	0	155	13	5	7	0	0	+	229437_at	1301	0	1275	chr21	46944323	25868083	25869351	6	7,25,90,502,302,342,	0,8,34,125,628,933,	25868083,25868090,25868115,25868205,25868707,25869009,
100	3661	5	199	0	1	1	4	2441	-	205266_at	3868	0	3866	chr22	49691432	28966442	28972748	6	48,1826,81,1648,179,83,	2,51,1877,1958,3606,3785,	28966442,28966490,28968320,28968402,28970743,28972665,
619	6391	0	0	20	4	13	66	23361	-	213870_at	6447	0	6424	chr6_cox_hap1	4731698	4510634	4540406	70	1125,207,113,268,54,36,54,108,54,54,108,54,54,54,54,25,83,54,54,54,54,108,54,54,108,51,57,54,90,108,54,54,54,45,54,45,54,54,108,54,45,54,45,54,45,54,45,54,45,54,54,54,16,38,54,57,87,75,63,42,60,180,63,78,88,94,163,211,150,308,	23,1148,1355,1468,1736,1790,1826,1880,1988,2042,2096,2204,2258,2312,2366,2420,2446,2529,2583,2637,2691,2745,2853,2907,2961,3069,3121,3178,3232,3322,3430,3484,3538,3592,3637,3691,3736,3790,3844,3952,4006,4051,4105,4150,4204,4249,4303,4348,4402,4447,4501,4555,4609,4626,4664,4718,4775,4862,4937,5000,5042,5102,5282,5345,5423,5521,5615,5778,5989,6139,	4510634,4512207,4512792,4513489,4513871,4514111,4514453,4514660,4515010,4515204,4515366,4515739,4516459,4516646,4516896,4517324,4517349,4517772,4517988,4518267,4518498,4518751,4519054,4519211,4519407,4519653,4519704,4519990,4520229,4520470,4521000,4521288,4521442,4521641,4521813,4521951,4522105,4522466,4523513,4523955,4524198,4524372,4524660,4524931,4525120,4525351,4525601,4526071,4526247,4526374,4526618,4526859,4527012,4527028,4527170,4527370,4527658,4528197,4528607,4528903,4529050,4532084,4532931,4533640,4534566,4534664,4536301,4536917,4537259,4540098,
619	5211	8	0	5	4	12	68	23622	-	216993_s_at	5236	0	5236	chr6_cox_hap1	4731698	4511334	4540180	71	37,47,80,259,207,113,268,54,36,54,108,54,54,108,54,54,54,54,27,77,54,54,54,54,108,54,54,108,54,4,49,54,90,108,54,54,54,45,54,45,54,54,108,54,45,54,45,54,45,54,45,54,45,54,54,54,18,30,54,57,87,75,63,42,60,63,192,163,211,150,82,	0,38,85,165,424,631,744,1012,1066,1102,1156,1264,1318,1372,1480,1534,1588,1642,1696,1727,1804,1858,1912,1966,2020,2128,2182,2236,2344,2399,2403,2452,2506,2596,2704,2758,2812,2866,2911,2965,3010,3064,3118,3226,3280,3325,3379,3424,3478,3523,3577,3622,3676,3721,3775,3829,3883,3907,3937,3991,4048,4135,4210,4273,4315,4375,4438,4630,4793,5004,5154,	4511334,4511371,4511419,4511500,4512207,4512792,4513489,4513871,4514111,4514453,4514660,4515010,4515204,4515366,4515739,4516459,4516646,4516896,4517324,4517355,4517772,4517988,4518267,4518498,4518751,4519054,4519211,4519407,4519653,4519707,4519712,4519990,4520229,4520470,4521000,4521288,4521442,4521641,4521813,4521951,4522105,4522466,4523513,4523955,4524198,4524372,4524660,4524931,4525120,4525351,4525601,4526071,4526247,4526374,4526618,4526859,4527012,4527036,4527170,4527370,4527658,4528197,4528607,4528903,4529050,4532931,4534566,4536301,4536917,4537259,4540098,
77	6389	2	0	20	4	13	66	23361	-	213870_at	6447	0	6424	chr6_qbl_hap2	4565931	4316640	4346412	70	1125,207,113,268,54,36,54,108,54,54,108,54,54,54,54,25,83,54,54,54,54,108,54,54,108,51,57,54,90,108,54,54,54,45,54,45,54,54,108,54,45,54,45,54,45,54,45,54,45,54,54,54,16,38,54,57,87,75,63,42,60,180,63,78,88,94,163,211,150,308,	23,1148,1355,1468,1736,1790,1826,1880,1988,2042,2096,2204,2258,2312,2366,2420,2446,2529,2583,2637,2691,2745,2853,2907,2961,3069,3121,3178,3232,3322,3430,3484,3538,3592,3637,3691,3736,3790,3844,3952,4006,4051,4105,4150,4204,4249,4303,4348,4402,4447,4501,4555,4609,4626,4664,4718,4775,4862,4937,5000,5042,5102,5282,5345,5423,5521,5615,5778,5989,6139,	4316640,4318213,4318798,4319495,4319877,4320117,4320459,4320666,4321016,4321210,4321372,4321745,4322465,4322652,4322902,4323330,4323355,4323778,4323994,4324273,4324504,4324757,4325060,4325217,4325413,4325659,4325710,4325996,4326235,4326476,4327006,4327294,4327448,4327647,4327819,4327957,4328111,4328473,4329520,4329962,4330205,4330379,4330667,4330938,4331127,4331358,4331608,4332078,4332254,4332381,4332625,4332866,4333019,4333035,4333177,4333377,4333665,4334204,4334614,4334910,4335057,4338090,4338937,4339646,4340572,4340670,4342307,4342923,4343265,4346104,
77	5208	11	0	5	4	12	68	23622	-	216993_s_at	5236	0	5236	chr6_qbl_hap2	4565931	4317340	4346186	71	37,47,80,259,207,113,268,54,36,54,108,54,54,108,54,54,54,54,27,77,54,54,54,54,108,54,54,108,54,4,49,54,90,108,54,54,54,45,54,45,54,54,108,54,45,54,45,54,45,54,45,54,45,54,54,54,18,30,54,57,87,75,63,42,60,63,192,163,211,150,82,	0,38,85,165,424,631,744,1012,1066,1102,1156,1264,1318,1372,1480,1534,1588,1642,1696,1727,1804,1858,1912,1966,2020,2128,2182,2236,2344,2399,2403,2452,2506,2596,2704,2758,2812,2866,2911,2965,3010,3064,3118,3226,3280,3325,3379,3424,3478,3523,3577,3622,3676,3721,3775,3829,3883,3907,3937,3991,4048,4135,4210,4273,4315,4375,4438,4630,4793,5004,5154,	4317340,4317377,4317425,4317506,4318213,4318798,4319495,4319877,4320117,4320459,4320666,4321016,4321210,4321372,4321745,4322465,4322652,4322902,4323330,4323361,4323778,4323994,4324273,4324504,4324757,4325060,4325217,4325413,4325659,4325713,4325718,4325996,4326235,4326476,4327006,4327294,4327448,4327647,4327819,4327957,4328111,4328473,4329520,4329962,4330205,4330379,4330667,4330938,4331127,4331358,4331608,4332078,4332254,4332381,4332625,4332866,4333019,4333043,4333177,4333377,4333665,4334204,4334614,4334910,4335057,4338937,4340572,4342307,4342923,4343265,4346104,
